x	f_szereg(x)	f_œciœle(x)	liczba_wyrazów	warunek_stopu
0,0000	0,00000000	0,00000000	2	dok³adnoœæ
10,0000	40,66027569	11013,23287470	1000	limit M
20,0000	142,64110278	242582597,70489514	1000	limit M
30,0000	305,94248125	5343237290762,23144531	1000	limit M
40,0000	530,56441110	117692633418510000,00000000	1000	limit M
50,0000	816,50689235	2592352764293536022528,00000000	1000	limit M
60,0000	1163,76992498	57100369490784211727024128,00000000	1000	limit M
70,0000	1572,35350901	1257719335459583439894665494528,00000000	1000	limit M
80,0000	2042,25764442	27703111921967549172259015817691136,00000000	1000	limit M
90,0000	2573,48233121	610201647158920417091447150764596658176,00000000	1000	limit M
100,0000	3166,02756940	13440585709080678047126700217981451777343488,00000000	1000	limit M
110,0000	3819,89335897	296048601383233496808508215060290824712763736064,00000000	1000	limit M
120,0000	4535,07969994	6520904391968161280678304831413727731915757241499648,00000000	1000	limit M
130,0000	5311,58659229	143632477540891605288893751300593010529887988280218091520,00000000	1000	limit M
140,0000	6149,41403603	3163715853577792534571631761083164399648092924242417745395712,00000000	1000	limit M
150,0000	7048,56203115	69685479033318984514693906469418509399191154628802999332682858496,00000000	1000	limit M
160,0000	8009,03057767	1534924820322121211490125965942273759412785180264163652976871265533952,00000000	1000	limit M
170,0000	9030,81967557	33808969052425045591112384893201594978263381933994317485819512141067059200,00000000	1000	limit M
180,0000	10113,92932486	744692100390919148529781948394166858221345522376264385313889540325861591351296,00000000	1000	limit M
190,0000	11258,35952554	16402935076923352356501851911247646213246825033294495869406766346562592083896434688,00000000	1000	limit M
200,0000	12464,11027760	361298688406287447936182099119457259649839255735402633528056948719124725107533331562496,00000000	1000	limit M
210,0000	13731,18158106	7958133201889620602532675545242153297451987736662682647491825722722693988445145553285677056,00000000	1000	limit M
220,0000	15059,57343590	175289548761937385349357179802471268922007560806910403073237224341759022832395074971996755329024,00000000	1000	limit M
230,0000	16449,28584213	3861009249991918063765404811441061443937347157352404074373454063423300269441952673992050368908886016,00000000	1000	limit M
240,0000	17900,31879975	85044388178379306040063817112454310239212523040884808077041041852253674236482019829112185336145643569152,00000000	1000	limit M
250,0000	19412,67230875	1873227307251336696773848240283601646890882105610260521756063656832967348075473365292870207808932043670159360,00000000	1000	limit M
260,0000	20986,34636915	41260577209069454073244414171691958321157453745641705426468019435530674700787568076390353698208102496643818979328,00000000	1000	limit M
270,0000	22621,34098093	908824692569549934840589454450598846168481197619166560967383744593883571086280437213512118541613451890774086227329024,00000000	1000	limit M
280,0000	24317,65614410	20018196004358923479040824859739862727161528390768736754761875706530960281954843897565833733340358641274220621397072281600,00000000	1000	limit M
290,0000	26075,29185866	440930109563748262636745909400283944942869156693282723605353024197651120430146803461763807919451436592207188525901144068718592,00000000	1000	limit M
300,0000	27894,24812461	9712131976206279125763775671303534354174438340974629844860260236889487995426738393752760395603609280584367939112490201677645742080,00000000	1000	limit M
310,0000	29774,52494194	213923942768556168777711970510688316641353910442762269590758387091550297447952964095490758902529193348712819667482521062932938051551232,00000000	1000	limit M
320,0000	31716,12231066	4711988408081792442566513696055724339006777265429046543735241130338463793138553346191668949898374416031702187172820554909347631863485693952,00000000	1000	limit M
330,0000	33719,04023077	103788451496139352537387180457390899268462402848613210289610911508306656303254359640173657498042793545479116504206218334125987633757294547697664,00000000	1000	limit M
340,0000	35783,27870227	2286092776775669530303734838853001012669921144350187532531059245514401030343951267561500544854825714456538427025347061446259815078980182034224250880,00000000	1000	limit M
350,0000	37908,83772516	50354544351403985325351802745920353057047866548559821468404621834403395260552114939056576537210223998152322732610285431996771903164671642730177887207424,00000000	1000	limit M
360,0000	40095,71729943	1109132648769277743787784152766836712912689218170441314704528958649514919445769117600829082367159294742639175023289938596934698818359834258686446040491491328,00000000	1000	limit M
370,0000	42343,91742509	24430272350019868080772555013620171593955479507845040421372532714471538984398370607850136320216994502582301863276476060316855468680634144232491140425953207910400,00000000	1000	limit M
380,0000	44653,43810215	538112558275524934859200905808462150569025433400204442221090848403837526124431364167843219264312520153032737044892027859678821315181724619517490235719075584217710592,00000000	1000	limit M
390,0000	47024,27933058	11852717858611785774470628710923045519467921816023275484193488739546142967295399414235461666055092266786310632016393504501745730371781402155010390405974539684505756631040,00000000	1000	limit M
400,0000	49456,44111041	261073484488207212735209064459146536185571409342468633391734682619453983450537172529370150955738199057031807490658452264097559473569286551524628636325192189907944179352207360,00000000	1000	limit M
410,0000	51949,92344162	5750526176010497500045776589075149846515331667691109461830110927563747034727021889793506269800890327617606988500332406785227605808004652856244665196720817692742773597881715654656,00000000	1000	limit M
420,0000	54504,72632423	126663768118035891128521097896173333477121509489545353634349352866293516792568066854754275527607528694705987525827892026862652382807718068820490279151967349011756408486923035788443648,00000000	1000	limit M
430,0000	57120,84975822	2789955155893247171203032107722776031753880449421580037505431706769408497439110351008524459644367681005815795049607515944062918910941737009327721540138686365331856448490588076132500766720,00000000	1000	limit M
440,0000	59798,29374360	61452851810327249680160146559037394825138430689666308104702762518684894327447765962041525616694192821662973156538945124343526033242843559384331560890073083308292394008429313609631571457867776,00000000	1000	limit M
450,0000	62537,05828036	1353589138393499155090338590838091994804626656574006222585396685081904388751905443642946779814974024255330006989433146464158429437405795876541020456634652683944175514236034173663363322219761500160,00000000	1000	limit M
460,0000	65337,14336852	29814784857046303091224370218028795500395179756086797255250769633936743105771055102151569983470762266618078629538534813117366379496914154444076305892839819714480802427021925139952451022415255083941888,00000000	1000	limit M
470,0000	68198,54900806	656714338833251633291533088459378839895676163534509617620842469330449193921746410883835532941764735711841001247455849338008549133395980417341053179631718557352688655238712203059385870332935889140582449152,00000000	1000	limit M
480,0000	71121,27519899	14465095921269726377075988813869795044723212292341218470639274094409172465328210029009656509207558878602222434092525631606128329894141200906310021350396299033044852021282494531001543387793211084198451628474368,00000000	1000	limit M
490,0000	74105,32194131	318614940528445758458591883720607584197713605508816390817622642904705983623962661773113769189366017736289474622845169503447554551979191328454181905684491008394790206452766800320010147423249363971885059949549584384,00000000	1000	limit M
500,0000	77150,68923502	7017961089264187568010551273768175713968455753422664404018219254288228174690226403406138705902131446319886777005041787600933258489920987217318378586539001950220336421336209849645903128382469258714219787079781349064704,00000000	1000	limit M
510,0000	80257,37708011	154580879881962100543732103466653599321226386258608641374489728256429362172575138460256930217121073507267311648957310875989314257456149028907079297188334549616978663623785182679201217924154246807640156231451052521704914944,00000000	1000	limit M
520,0000	83425,38547659	3404870463251163718526066877113359069843942828826258756132241044692040239882551012327184440815348445426110979847117101135885033574032995025467900517762610957030984001651946739785807711033889073287430697910926883623594989977600,00000000	1000	limit M
530,0000	86654,71442446	74997262794549457208757758629118513879678279293013981821810192906006085866515735931747887179319749947138360872654094383030570915792858272652267248428429485974738957914564828016631444937924997422706100719872853101240674707960758272,00000000	1000	limit M
540,0000	89945,36392372	1651924643648274223914376413235720128338597571961835865418137135554938927033303381808313271802775831077251838422914138883887066972565814541143794818706277954235589152059400940339904853677133750735062941870074111630359286562704876109824,00000000	1000	limit M
550,0000	93297,33397437	36386061658916986491737431598222456989258689878205654086502529631691730645649711707808051236822592330601410845982484664309221510891157249754991317896165044369139556800530360248082995126459661817532289572587961428306969782657931095448748032,00000000	1000	limit M
560,0000	96710,62457640	801456342537863087545455488868604146863581373309514486554978962513048292949146181944259461385602832863416806951477687660403147157299470385732836974494513377842385799689738796783603311160844037290322824222061360068498539494990856511332227743744,00000000	1000	limit M
570,0000	100185,23572983	17653250714941137233594286103812849817653196414157382102147006072559234037527735762341537537380185186425215163832384150640557563844923479921287906478597026294417158414577940046153841037056078755297965194076047070092966094351433154198249287966523392,00000000	1000	limit M
580,0000	103721,16743464	388838723039798143545171846478624199967378991931619977731517522010409437229189875621050013312273652778673013440599310671288476865177945438651360948181904466152588879269827034088198635901507731935162148760144905323006483984970597595169027744451700719616,00000000	1000	limit M
590,0000	107318,41969084	8564742832732435898663386485730798095450812859661251365022022365299007364592006622650538718980008667149516452397448566275465123918271687347955281571884941413647678064907605891797987894577574948457077497327988197706790421144171247610739087616342625605386240,00000000	1000	limit M
600,0000	110976,99249842	188651015046496983111604505058033385061836894811896448708213652324633713800840527088623983616939474930065517632202867846079412196483623048942933626533861847803383277690236185573589554054274505317341839947769161507460364611379992430525631352693120289400906842112,00000000	1000	limit M
610,0000	114696,88585740	4155315130077233295193568666632773480482865711541523497773394514432385793753197463362351447906213942280792817417242669660463314681195723399839169533610799883728778852439440371128865797394662850456425828682834173263408894899689698319319397838318130160678428376825856,00000000	1000	limit M
620,0000	118478,09976776	91526906579289004393138750756152815008642668655093970189072815306006972148630448875270583999246214332078130509848927232326025084240914616579156278201147036294156222959274130782404133636185007596142372673531866613310999278730033809335346768134097910866494422096415817728,00000000	1000	limit M
630,0000	122320,63422951	2016014277073179038017793842445080150946316668259714848347489459361082572088520397736144732428023535456507894756080451540742599667240834408340377314473439221714977615704584946753647340022584836417901699572313017903523915007078739803297836707721518439663349696833947250458624,00000000	1000	limit M
640,0000	126224,48924265	44405669515794368970295107903508064825596737912662760484228462888069163772320810657253940983372842650595217802367896207962131504217229740020000290976935986221866038327888370401615433971029196781538484886165725283285310604167522116155544237087127946833107123712393387929285689344,00000000	1000	limit M
650,0000	130189,66480718	978099960685135959568057993296062811070326363894990529345232505916745182650846615824126147222813438094135295974677398755678953325632403780597596232746553144951764353209012538268370380819215239192212430410993166023935486379694666845123444192775367593732814113604100916723328397344768,00000000	1000	limit M
660,0000	134216,16092309	21544085327932939888301500193390151199453817513903347598255726844281004544709392577569606102699874653997141814870984827415574773608782459833786786674092383213180919041803901417504538061779406652560536607379788104697018945649794764412870255403380194974154879948863312388932210747464744960,00000000	1000	limit M
670,0000	138303,97759039	474540058556112190041050117067010762442594391351375344715721774693597339954926121767446382426841283501295977484327269520395487880616330574200435714892931332368020865738986288093244438774446944085808935268516322559263106502033547853777407045792873664323274964712993082248603313658771139461120,00000000	1000	limit M
680,0000	142453,11480908	10452440368051780172209176773214454051087725758420042528437358253700420322996217182214460316487954700279901228989363803568808974165594088104587541020581350087561196303634262542964775978461992616515073902169086020848761975665185222082098119181874715432108712670604763603155342338495546016061718528,00000000	1000	limit M
690,0000	146663,57257916	230230320239149484248995569691635478769825041993860249125109853589010462468606670626371599255979971426761919835272118533604948361757209500137415227559092838365669232881962595773528278446565788254010591729999708376308098217537502782581448567625424138790426261180138520627532208702623591650382915305472,00000000	1000	limit M
700,0000	150935,35090063	5071160273675022463943788372482968818960774860658229595473973705571903350470141992042484201255250170089073956991745441813839807446034942494004894319699607320561375666629446492277512259296140486926171861886305665325042297847840528206156408728984187491085566825237234306355133226730133638196488659261194240,00000000	1000	limit M
710,0000	155268,44977349	111699738308085545790144188504358789360985043758853896400846714359776347508912599720520344211030764317076491222139339407990811346637602483546646415822136146204198140206552035059720218396234864191408921443486340246019166771061134659713098861786667249112690800996298555596553759292199034848027698730075305279488,00000000	1000	limit M
720,0000	159662,86919773	inf	1000	limit M
730,0000	164118,60917336	inf	1000	limit M
740,0000	168635,66970038	inf	1000	limit M
750,0000	173214,05077878	inf	1000	limit M
760,0000	177853,75240858	inf	1000	limit M
770,0000	182554,77458976	inf	1000	limit M
780,0000	187317,11732233	inf	1000	limit M
790,0000	192140,78060629	inf	1000	limit M
800,0000	197025,76444164	inf	1000	limit M
810,0000	201972,06882837	inf	1000	limit M
820,0000	206979,69376650	inf	1000	limit M
830,0000	212048,63925601	inf	1000	limit M
840,0000	217178,90529691	inf	1000	limit M
850,0000	222370,49188920	inf	1000	limit M
860,0000	227623,39903287	inf	1000	limit M
870,0000	232937,62672793	inf	1000	limit M
880,0000	238313,17497438	inf	1000	limit M
890,0000	243750,04377222	inf	1000	limit M
900,0000	249248,23312145	inf	1000	limit M
910,0000	254807,74302207	inf	1000	limit M
920,0000	260428,57347407	inf	1000	limit M
930,0000	266110,72447746	inf	1000	limit M
940,0000	271854,19603224	inf	1000	limit M
950,0000	277658,98813841	inf	1000	limit M
960,0000	283525,10079596	inf	1000	limit M
970,0000	289452,53400491	inf	1000	limit M
980,0000	295441,28776524	inf	1000	limit M
990,0000	301491,36207696	inf	1000	limit M
1000,0000	307602,75694006	inf	1000	limit M
